852.8215 436.3029
537.45636 45.39782
696.1334 348.43164
637.772 531.8928
655.2032 802.12683
861.5699 641.289
674.84143 826.4569
814.1538 692.97614
396.64014 354.57086
903.34863 566.78723
770.7324 639.46716
798.5333 276.41617
174.41731 774.2058
172.85638 289.21622
220.11316 269.3295
307.62613 512.51624
1.1684895 589.99603
676.4613 320.35352
959.7811 135.96594
651.47565 628.151
779.7228 380.74564
521.5807 68.326416
367.95776 697.7131
430.34058 676.95996
473.07724 429.73715
284.91986 660.4984
4.8007965 483.16968
637.4722 337.0217
682.993 486.18643
862.69855 117.50108
406.7366 264.6752
333.95804 488.93887
156.44467 69.00906
25.62362 686.4377
456.52222 808.30707
706.1365 231.93138
84.93411 658.3165
745.09143 137.45207
714.318 853.1197
172.67221 59.043884
167.49097 952.28705
593.99774 198.1616
857.36096 234.13055
129.9643 948.5896
719.8619 30.604958
944.0859 419.06912
453.22992 956.6752
510.571 908.0845
708.1558 596.075
852.29474 421.17697
714.08417 24.169683
586.381 790.922
523.30676 355.4059
440.867 261.59424
52.02478 351.2522
216.24487 188.29436
567.7976 546.8662
997.8932 742.274
396.13998 434.80057
629.9095 179.63744
671.13696 438.48495
171.96548 905.9765
662.30334 172.53273
640.1033 6.736219
235.81535 928.7427
232.70404 701.8525
497.03027 933.78046
661.00037 108.183685
520.8349 645.3101
521.6932 0.57029724
689.06934 965.8591
535.37787 192.9487
931.6487 649.3025
779.0196 824.6402
93.02682 439.69678
719.93097 369.46805
126.22499 850.96075
288.94986 265.94232
777.0892 541.63947
72.9211 673.8899
365.18716 849.91986
800.7265 164.46751
37.427784 638.929
489.22647 954.05444
812.1219 272.47418
843.6469 363.31534
483.9422 404.5974
946.0893 794.29205
626.5394 549.37683
4.3115616 267.3967
807.68494 830.21606
39.990486 879.20294
279.65833 808.55914
932.0107 912.08997
756.53033 701.8327
73.29023 133.34756
351.8556 145.18416
394.46545 74.76491
203.01491 80.08432
412.43637 277.3248
321.32172 366.75125
835.926 132.20012
939.0493 553.6982
361.23364 18.909395
195.98413 702.69904
316.4044 807.5008
235.19469 961.5434
649.29346 105.6813
429.67398 823.03033
748.3901 695.28467
281.8274 891.1097
879.319 237.3054
596.1655 7.4864626
991.1495 291.4183
728.7673 122.41226
132.75182 750.5704
800.9482 694.8551
584.2206 739.43353
900.02875 63.967705
568.782 704.9371
991.6602 831.37964
391.45322 281.24683
181.38004 202.78871
283.3494 518.28577
645.10913 53.44194
294.273 694.8178
895.1708 255.53322
383.53522 826.7838
255.50883 990.58264
133.19319 613.0784
362.5787 396.1348
542.501 753.6053
740.75256 466.02875
454.86105 347.65662
448.0432 695.4506
276.00323 905.1943
351.68243 533.93475
783.6079 741.8302
829.36615 638.71405
52.411198 89.97673
311.16592 562.2807
355.8038 656.8798
480.57568 996.0934
443.3024 298.9943
893.70245 785.4271
852.22784 131.16736
94.95652 471.3852
159.39212 301.8438
179.58229 885.70746
28.374434 703.6568
568.96155 518.534
89.0618 900.3854
292.6894 667.3153
707.9925 542.87225
733.98444 988.8697
215.47311 939.18945
385.83035 763.6426
283.49136 450.94217
329.80554 520.6532
714.5901 977.9952
744.25714 332.5699
369.69977 798.92096
413.94443 716.6708
726.87146 705.5077
759.54553 190.55795
157.97514 440.9929
981.8227 406.74908
881.5633 389.44583
420.6271 611.8801
618.1543 427.096
310.97562 194.21387
480.95477 869.1617
764.912 895.6551
820.40326 900.8839
172.06604 776.9776
810.6659 683.6408
739.48157 620.82794
732.9833 850.79126
289.5487 327.8624
809.3487 240.39203
627.227 29.911518
758.13727 585.874
508.1644 425.87112
924.46545 290.16476
610.9606 530.89655
270.44952 27.39501
867.5712 287.64325
424.3914 219.77246
922.7649 215.7458
82.62223 461.0637
390.51544 983.19116
603.443 286.27716
970.4626 268.1083
0.26470423 935.6156
672.3605 758.6621
338.79025 76.50107
11.339664 904.60175
440.33694 484.9364
432.43872 388.7341
220.00676 210.13666
33.245625 966.39594
255.43881 205.93018
203.47166 731.1696
417.17923 235.61424
120.69655 486.6996
780.4928 865.7931
404.76752 886.7063
846.4938 326.32053
526.3381 31.554699
157.82707 558.5968
185.2705 184.76611
841.63293 922.75684
582.56415 200.24335
989.706 117.96045
200.96754 771.9453
480.06345 697.70776
806.8282 263.117
440.74405 376.6337
333.3789 675.9823
572.333 607.3188
692.4799 895.22217
59.782326 20.730078
619.38947 96.7282
160.30728 175.00449
913.38605 580.6073
118.15631 774.5367
194.47433 97.10306
550.6986 394.5747
976.0449 289.15225
328.17465 490.5134
290.07404 336.31104
345.8886 736.32025
726.662 971.77106
122.51341 255.99605
366.9271 186.21123
207.06773 410.8988
630.7643 544.62805
278.80173 373.99756
343.31458 409.50174
448.9882 789.3394
214.8552 724.87634
902.0743 959.5508
78.92543 711.5344
25.794209 614.3641
721.4222 384.77744
739.60284 779.8609
358.00928 812.8077
198.09663 449.09894
246.3311 515.1975
367.94174 893.5127
875.469 201.30939
939.83246 916.0696
400.26337 963.6909
350.57843 577.2783
507.9937 425.95392
801.50037 424.0691
350.56622 293.36734
460.64346 575.8834
855.5584 14.787674
250.11617 366.5356
967.23553 545.9812
828.91327 334.48123
476.27695 33.121765
873.9609 934.80756
913.44147 511.28186
416.6032 731.97986
0.8043647 648.82465
458.10776 743.53107
893.41315 302.71173
601.63873 687.3586
729.0891 312.17657
75.74594 924.2446
225.4824 270.72537
973.35455 709.4548
107.92446 900.322
902.08563 223.25725
724.09125 130.69672
118.482056 656.9936
805.4771 902.81793
701.8357 900.8703
993.31824 925.93384
937.3482 321.74265
513.8779 962.0972
685.3186 793.81415
392.0123 658.25616
400.40082 332.75348
963.0073 937.94543
444.16397 737.4102
175.26036 569.8928
897.2274 428.97772
366.9992 806.8188
621.18 957.22327
700.39307 459.35214
427.0032 274.6337
234.13246 200.18799
481.2268 482.18954
71.108696 834.20764
276.73907 855.4326
228.47128 359.5668
502.8243 622.9893
641.79553 325.95026
994.8272 31.849861
673.72314 158.6203
12.002587 619.2522
301.88834 399.9358
203.00049 389.49786
770.54376 223.49458
931.479 734.2896
501.33777 827.0314
694.64746 221.19063
897.35736 906.0547
848.603 724.8517
506.76358 778.4784
573.3853 301.01807
473.29306 18.690704
986.3939 522.5211
207.11124 589.02136
357.70486 458.70508
638.19714 31.535149
985.8864 962.5585
507.6239 685.334
66.45137 779.6326
155.90906 958.85406
958.4686 78.98438
912.9429 277.37845
512.1219 356.34558
111.73236 962.5456
973.5006 180.3875
766.8592 599.7128
345.48224 319.94104
441.43878 698.2672
228.05774 728.00757
298.85095 582.4112
839.98535 21.933437
713.4919 867.7112
451.1687 962.52563
712.06006 405.44778
673.7322 586.5024
457.11023 856.6193
541.0437 536.2173
584.5373 173.29109
61.848343 698.5045
953.3039 547.2447
723.8165 289.64276
236.55319 378.85242
660.16364 148.12744
998.216 395.32233
158.72812 381.01984
766.4992 996.9173
263.8697 379.60858
978.31885 671.00977
392.54498 180.46361
503.25018 963.439
93.31268 736.04016
692.3996 699.1162
260.19113 516.556
780.8618 335.58618
279.6592 453.35556
994.7015 302.73492
287.19568 262.7823
129.32271 930.82886
177.78468 216.17145
566.30865 784.00323
132.79224 265.0882
484.17984 548.0504
873.4118 947.894
92.996124 45.61448
83.32956 370.3457
40.644527 973.1191
535.68677 894.11383
775.77625 920.6969
888.78107 97.79483
199.64575 41.486504
245.61035 404.00653
686.81366 186.4019
896.0623 144.92
864.0878 576.70337
238.74318 50.2969
656.0051 741.5654
146.28995 929.12823
891.26294 658.54266
77.598274 566.9209
325.35822 733.41925
572.2788 488.5282
712.9025 80.972496
28.491856 522.8993
740.60956 164.04533
26.432573 892.3222
180.31621 310.01938
518.2754 101.26769
218.99652 147.2469
667.8022 757.73035
353.35703 398.50522
293.32434 90.402306
910.08575 665.276
173.26057 708.41437
452.6071 8.804798
896.66583 457.70956
83.35906 194.97902
647.54565 346.35526
697.11896 55.146755
155.25215 565.85547
699.48444 553.5822
521.8334 130.29182
740.63776 919.53577
62.61891 296.29065
334.25754 384.91434
944.4681 334.4596
5.854428 181.8732
648.03424 516.7842
643.58405 899.51855
631.4738 153.05894
315.6413 945.43756
571.7148 124.21906
498.00897 803.8027
527.03723 374.3891
726.1013 895.24554
131.17099 365.63016
906.4347 563.12695
792.23846 93.35548
411.91458 182.64467
350.90918 72.09981
282.97238 653.2448
657.8409 692.279
259.59128 691.8328
372.8482 608.4958
271.29047 864.99646
789.6767 940.88837
327.4366 435.74368
955.71075 78.55576
439.1625 173.66994
126.13606 471.9271
980.18774 327.99124
220.82663 373.08334
270.29794 96.89021
657.9649 358.59113
561.7157 811.75995
436.31583 999.2779
608.91565 961.28046
234.71028 195.08952
963.4226 722.5748
47.41597 527.1417
300.75967 413.34235
388.03162 965.32404
909.5719 763.68024
116.691826 457.30902
10.665834 416.30322
307.34897 40.21454
351.61154 494.54987
901.76825 575.821
686.0357 234.0464
342.79465 512.5117
876.47205 198.51256
982.21313 635.62787
575.70715 788.8593
89.414 36.918224
883.5213 766.11865
670.0506 584.87897
878.6683 930.23126
99.568665 796.52924
108.92832 707.1417
809.121 764.4862
262.77786 142.09485
428.24866 485.61996
220.55638 169.30598
377.54398 631.29407
785.8308 618.5908
874.6075 411.5082
327.062 731.1353
114.57276 431.1604
867.6168 126.27178
979.75507 830.48645
106.26823 741.6961
259.34363 186.96951
697.3201 280.76358
223.31506 256.6682
64.7018 185.45103
592.94086 921.90814
717.7861 286.92664
681.8872 162.5601
243.89195 202.8321
625.7835 591.75586
135.99045 347.04465
596.5593 484.75565
271.4271 779.1663
967.7213 953.3032
102.79995 422.58334
992.9721 365.8608
43.444695 472.74323
68.13443 692.7906
998.7583 83.24343
815.48285 442.48468
794.1346 72.51561
306.27847 702.18384
338.62335 459.51343
24.64062 115.407524
617.45233 860.37805
229.79861 762.75494
927.465 254.53276
741.97186 548.8311
638.25836 958.54083
13.200701 903.9549
197.22473 496.57083
246.11116 345.45905
559.93134 887.4702
496.25803 318.68417
219.27577 82.3496
937.1821 315.99747
778.23505 29.207706
751.3696 132.6974
340.635 705.15894
425.29434 17.027437
758.94037 928.12177
971.5216 21.795094
544.3478 103.63227
430.58377 13.625563
704.71356 284.1292
140.48708 706.62317
790.7522 304.29834
784.20337 450.4479
184.8061 900.82605
750.9618 371.00644
473.0115 883.1682
38.281082 848.0434
42.03093 214.37198
302.8707 514.24524
451.67523 645.4365
588.86084 416.29623
133.1849 170.80122
725.63043 566.0161
693.9284 587.8868
896.5713 344.4733
485.3545 332.88342
115.66651 264.4474
807.25867 175.59915
915.75433 634.9413
324.09744 104.38144
329.94168 676.6481
657.2207 834.2695
279.26337 173.20805
503.56186 95.06476
723.2336 197.37929
628.92505 617.1304
498.21335 124.783394
858.7174 935.2019
72.875854 33.33789
178.87466 129.10074
108.16699 286.12344
693.70013 674.6562
458.35938 640.5194
100.83485 187.80511
190.23729 902.89233
337.94684 619.3999
35.703896 394.19223
850.2163 863.0893
760.6892 995.49744
268.5336 708.6991
141.94942 761.8121
820.66833 459.47974
531.2506 655.03375
309.4308 65.33349
418.76376 51.796677
749.26733 950.75726
629.6144 441.04285
577.0771 924.126
128.15678 368.07697
577.6075 91.52174
940.4385 445.13333
873.05835 470.4079
301.77844 503.79343
943.2842 124.909996
453.50647 983.3646
161.08035 444.74298
402.15433 759.2205
756.2435 85.96933
277.08148 720.7859
344.7283 734.0553
588.179 574.3465
731.1118 192.17253
759.0285 490.5901
0.33408403 378.08847
339.31024 758.6085
312.0475 291.80176
619.12115 698.16327
292.48016 658.8606
251.78635 896.4212
639.81573 934.43726
56.65481 703.5828
260.7894 595.7602
728.57886 978.3249
471.7846 432.15018
154.4618 63.38185
155.95323 10.54722
193.23248 530.83887
130.0385 208.27412
701.98596 614.521
983.95605 258.58463
943.81055 957.6761
24.653435 533.83514
560.1519 976.02905
109.03931 797.663
421.4192 134.35292
977.9749 608.75964
579.7182 101.501465
502.06058 99.6657
903.92194 928.3461
237.69766 897.2267
932.24786 457.33362
332.63153 996.54944
979.1958 398.2567
728.5823 39.433777
755.8187 517.32404
9.358168 41.985214
67.49963 707.53906
795.97797 576.16156
404.24536 424.65723
316.1065 610.0111
780.563 927.45337
602.05304 601.5444
535.43005 217.9513
389.98395 366.9424
831.65576 77.89177
553.38275 697.2338
77.0551 813.7564
98.95307 438.69363
657.1214 408.63037
369.66605 13.476431
679.04553 675.5481
281.82428 689.6061
398.49234 773.0584
332.8384 933.49457
360.357 175.48454
43.470383 417.36777
771.2804 227.54193
294.73322 379.38272
848.5251 770.418
100.173775 568.5416
827.03687 387.34204
637.39624 117.470146
924.0735 695.03406
423.69342 265.9413
220.23476 70.48529
313.3029 941.3334
94.45268 724.18536
984.0017 876.63873
991.44775 397.3652
272.2727 435.24457
306.78708 943.0034
624.41583 725.57965
601.85077 346.62454
107.74839 308.1264
117.02603 740.189
730.37164 865.9265
733.37213 565.099
283.42758 308.85654
554.18243 616.275
960.95135 373.98047
270.4851 256.99115
993.80164 43.087482
444.1486 350.8329
530.8745 337.44724
345.55078 144.88995
255.23454 343.0825
910.42255 697.381
69.96393 916.68427
888.09863 999.3559
496.76044 370.5194
257.72177 726.0676
483.81937 575.2345
835.4005 727.6808
696.7398 946.9295
705.00604 514.72864
833.02405 857.7135
682.07996 10.309577
28.587223 199.63777
286.79233 668.86145
377.5003 134.4577
69.78887 336.73978
379.7014 361.26828
946.4973 367.7969
471.91302 276.8643
480.59027 343.70523
52.970528 184.12459
376.8534 680.2202
659.997 416.4048
82.08716 731.3728
165.1556 74.564514
267.20248 43.946922
214.89227 697.5053
400.19077 795.6461
801.0599 728.8829
150.11519 547.6037
907.9854 266.8537
923.3019 24.336815
499.1042 963.3668
286.9246 170.32593
494.55362 334.34628
859.6629 456.2905
983.02313 808.60956
313.76624 875.1054
589.92456 290.47574
142.63106 144.72908
913.66034 561.7811
47.39326 412.5136
765.8686 965.4787
406.5453 739.4916
461.35944 65.71418
800.34357 369.9287
876.88855 155.08986
699.8229 127.24406
172.00899 461.96545
213.09315 289.69055
628.21576 233.3774
222.44662 708.98126
323.2872 23.64403
572.425 897.7845
959.0287 813.58356
410.72052 777.29865
125.027176 214.34665
485.06616 339.35934
749.27563 495.9798
72.28714 945.0276
457.4784 337.6907
40.96472 23.278772
518.5812 73.696014
512.75073 354.87164
278.55307 103.58202
975.7766 310.61185
271.03293 277.4872
949.32306 410.29245
541.80194 940.1071
914.5913 105.01504
747.87866 53.040146
666.68896 138.76224
724.4975 673.9658
570.5893 419.5329
849.0517 574.65076
362.6687 365.48877
882.02484 76.47222
630.5444 935.2682
923.6596 317.39743
535.2084 303.45453
922.186 51.7323
226.66515 71.92057
515.13855 23.578823
245.0251 460.99472
31.960487 753.20667
679.0642 150.79695
556.7525 865.4186
790.06366 764.4452
234.28886 23.170113
474.21057 866.89905
434.89075 293.71448
846.16675 60.53078
448.69977 52.588345
932.0433 693.2128
8.307099 363.1942
265.09927 976.0649
44.762314 49.684406
981.95465 25.304913
389.68207 593.00793
545.04944 745.2142
626.7412 38.36155
60.6035 879.07294
838.266 255.82474
93.22667 401.56543
169.39629 564.14417
860.9371 553.48834
935.61847 444.79608
560.81274 359.07507
431.07242 566.5208
209.84024 907.22076
586.1268 231.43297
156.26073 725.04364
518.2847 126.88112
86.81238 74.06849
558.92957 733.9388
575.51385 236.7645
167.27788 988.0297
782.80133 590.08234
740.3405 180.72844
49.331604 910.4963
193.47363 852.6999
680.0363 926.69806
983.91095 675.0577
557.8815 72.73591
400.08734 564.45337
180.56082 867.5888
573.7304 909.46265
238.26468 143.46408
477.20474 142.49074
484.68982 644.68915
882.9437 727.2895
467.12042 76.61718
886.0308 802.37854
402.66263 349.98376
531.11005 930.1121
655.7984 477.30386
439.2538 183.60359
155.654 486.36765
883.98376 279.64734
207.7824 565.9306
655.27545 330.6936
361.57834 257.70895
472.18484 295.82758
67.699554 817.45435
974.78107 202.66396
632.73114 134.88495
691.18866 823.56854
310.6922 130.00476
460.85727 460.6245
862.45795 946.4587
703.45087 386.23422
187.80482 686.57
701.5765 706.044
657.4206 47.602654
535.70776 998.18774
605.2923 202.0356
905.48376 832.33307
71.36256 385.4717
329.75937 742.815
569.6268 82.03358
703.8384 570.6875
354.66183 793.2448
228.07628 661.3529
411.66342 55.975197
658.6725 220.83932
552.88464 436.56253
717.71625 625.6864
692.7826 501.44507
64.60476 125.23645
510.7807 643.35455
134.25851 362.8829
585.73175 466.3233
398.37564 933.02576
446.32916 571.5612
773.9314 5.143583
141.75587 628.08826
655.9346 709.41486
426.61768 555.95844
116.838394 364.4243
784.4237 762.7306
272.3497 675.57477
729.60144 844.0918
332.003 137.60495
919.4446 654.34717
422.10382 598.22485
44.225395 727.2948
894.2025 345.2987
567.50714 720.24976
675.93713 226.34155
512.6651 250.12242
555.47424 590.1703
974.29724 203.55219
543.89056 570.21924
458.07748 628.34924
493.07675 233.81633
383.12274 585.21265
392.6137 228.97589
841.9018 835.58746
166.70078 667.4934
403.81165 775.12006
15.432358 30.611397
526.5539 486.98993
751.01825 292.58502
743.94855 339.25266
620.04224 818.97705
17.028332 223.52313
882.3484 420.2674
724.68097 888.9752
943.0756 961.9203
366.0509 255.89186
972.8713 470.4843
846.96405 280.7865
64.48263 172.38957
860.48615 698.6088
153.47171 532.15015
861.5862 444.56113
306.15198 153.75221
714.0208 307.70755
705.34094 661.47314
491.79608 227.37062
30.768036 915.1677
371.1995 471.4765
405.64627 695.9189
172.31607 530.2658
958.39966 317.64734
231.03798 315.44696
939.32745 332.13205
634.5879 430.4241
575.9354 120.826126
939.88635 553.7144
603.26483 247.25372
463.5173 441.11215
587.8206 17.039955
621.76324 299.07596
392.7661 357.2579
616.446 942.2807
47.801495 886.0373
551.8621 303.3403
496.88065 55.667877
94.47187 890.78625
454.3437 808.73663
800.30304 47.524216
308.49646 459.73087
276.8504 303.89822
137.61151 768.80347
851.84644 580.35547
328.24875 722.2971
701.2747 195.9281
14.703512 478.4833
426.9073 169.41476
712.8101 359.88342
122.07037 413.6855
406.70575 803.00604
95.44164 214.15729
3.9548874 176.82433
47.93483 12.024582
650.69196 746.364
398.53348 927.47595
789.8422 822.0883
105.877754 928.74976
897.477 550.1991
853.0366 274.7953
59.125603 92.39161
89.10853 442.8733
207.27658 8.790434
38.048683 881.16327
228.22624 638.0539
563.3793 195.23471
47.267498 372.70618
323.79437 203.22359
163.20163 284.45496
837.62134 108.31815
690.2656 340.12985
124.57854 887.51276
20.1478 900.28796
65.0326 861.589
674.4595 537.17755
433.904 11.895895
49.563408 964.092
468.54083 603.9507
712.2722 455.18207
998.0104 658.2536
894.93396 910.28284
832.4893 915.9893
314.04984 619.07434
485.89362 218.46146
78.32307 97.45723
14.127374 45.799194
336.89868 180.44144
0.5339384 723.3379
779.4847 66.11144
983.45374 632.3905
903.0268 140.66553
861.6082 54.474236
477.85437 224.24626
497.69824 172.21666
833.138 244.39264
687.039 447.7404
581.16187 26.477158
608.0075 648.7703
552.7957 620.75055
360.1233 122.82562
199.23817 731.5566
123.11077 904.73645
224.73097 912.75604
371.79816 99.26522
557.53546 360.33292
78.08423 745.62506
674.7974 919.08215
421.29404 707.8139
702.7844 623.69147
245.85724 87.46064
606.0602 644.7201
413.64896 377.04556
996.22754 522.5905
422.57385 922.06323
516.0604 670.4492
352.4496 921.33844
167.74649 94.81013
985.31305 610.3135
139.25462 993.37866
15.132189 463.64926
534.6292 730.9753
59.492588 120.083275
184.90845 46.52965
595.2348 518.12415
990.83527 142.7219
864.28815 927.01935
63.74669 861.32556
605.15924 120.059494
834.89594 621.1166
688.08673 511.0162
972.6192 516.15094
610.1429 402.74567
768.3897 799.72174
922.98505 586.80475
248.84558 244.35687
668.83575 614.0814
